49,1
49,3
48,1
48,3
10,147
10,155
10,119
10,135
8,5
8,6
8,4
8,8
8,2
8,3
27,3
27,1
21,3
21,2
21,1
21,0
20,3
20,2
20,1
19,3
19,2
19,1
12,3
12,2
12,1
11,29
11,28
11,27
11,26
11,25
11,24
11,23
11,20
11,19
11,17
11,16
11,15
11,13
11,12
11,11
11,10
11,9
11,7
11,5
11,3
11,2
11,1
10,312
10,309
10,303
10,301
10,293
10,291
10,281
10,275
10,273
10,271
10,268
10,265
10,260
10,251
10,233
10,225
10,207
10,190
10,187
10,178
10,177
10,169
10,166
10,159
10,152
10,151
10,131
10,125
10,115
10,107
10,104
10,103
10,93
18,1
10,73
18,3
10,25
10,17
10,9
10,5
10,3
14,1
10,2
14,3
10,1
9,7
9,6
9,5
13,1
9,4
9,3
13,3
9,2
9,1
